Koef:((0.94, 0.96, 0.98, 1), (0.65, 0.7, 0.75, 0.8), (0.3, 0.35, 0.35, 0.4), (0.1, 0.1, 0.15, 0.2))Koef:((0.94, 0.96, 0.98, 1), (0.65, 0.7, 0.75, 0.8), (0.3, 0.35, 0.35, 0.4), (0.1, 0.1, 0.15, 0.2))
Koef:((0.94, 0.96, 0.98, 1), (0.65, 0.7, 0.75, 0.8), (0.3, 0.35, 0.35, 0.4), (0.1, 0.1, 0.15, 0.2))
Koef:((0.94, 0.96, 0.98, 1), (0.7, 0.7, 0.7, 0.7), (0.3, 0.35, 0.35, 0.4), (0.1, 0.1, 0.15, 0.2))
Koef:((0.8, 0.85, 0.9, 1), (0.7, 0.7, 0.7, 0.7), (0.3, 0.35, 0.35, 0.4), (0.1, 0.1, 0.15, 0.2))
game:1
Score:10272
Time:14:26:19
Max:512

Koef:((0.8, 0.85, 0.9, 1), (0.7, 0.7, 0.7, 0.7), (0.3, 0.35, 0.35, 0.4), (0.1, 0.1, 0.15, 0.2))
Koef:((0.8, 0.85, 0.9, 1), (0.7, 0.7, 0.7, 0.7), (0.3, 0.35, 0.35, 0.4), (0.1, 0.1, 0.15, 0.2))
game:1
Score:13148
Time:14:33:14
Max:512

game:2
Score:26384
Time:14:44:14
Max:2048

Koef:((0.8, 0.85, 0.9, 1), (0.75, 0.76, 0.77, 0.78), (0.5, 0.5, 0.5, 0.5), (0.2, 0.2, 0.2, 0.2))
game:1
Score:15620
Time:14:50:15
Max:1024

game:2
Score:18324
Time:14:55:29
Max:1024

Koef:((0.8, 0.85, 0.9, 1), (0.65, 0.66, 0.67, 0.68), (0.4, 0.4, 0.4, 0.4), (0.1, 0.1, 0.1, 0.1))
Koef:((0.8, 0.85, 0.9, 1), (0.65, 0.66, 0.67, 0.68), (0.45, 0.46, 0.47, 0.48), (0.15, 0.16, 0.17, 0.18))
game:1
Score:12292
Time:15:0:56
Max:512

Koef:((0.8, 0.85, 0.9, 1), (0.55, 0.56, 0.57, 0.58), (0.35, 0.36, 0.37, 0.38), (0.15, 0.16, 0.17, 0.18))
game:1
Score:20888
Time:15:8:50
Max:1024

Koef:((0.8, 0.85, 0.9, 1), (0.55, 0.56, 0.57, 0.58), (0.35, 0.36, 0.37, 0.38), (0.15, 0.16, 0.17, 0.18))
Koef:((0.8, 0.85, 0.9, 1), (0.55, 0.56, 0.57, 0.58), (0.35, 0.36, 0.37, 0.38), (0.15, 0.16, 0.17, 0.18))
Koef:((0.8, 0.85, 0.9, 1), (0.55, 0.56, 0.57, 0.58), (0.35, 0.36, 0.37, 0.38), (0.15, 0.16, 0.17, 0.18))
Koef:((0.8, 0.85, 0.9, 1), (0.55, 0.56, 0.57, 0.58), (0.35, 0.36, 0.37, 0.38), (0.15, 0.16, 0.17, 0.18))
Koef:((0.8, 0.85, 0.9, 1), (0.55, 0.56, 0.57, 0.58), (0.35, 0.36, 0.37, 0.38), (0.15, 0.16, 0.17, 0.18))
Koef:((0.8, 0.85, 0.9, 1), (0.6, 0.6, 0.6, 0.6), (0.35, 0.36, 0.37, 0.38), (0.15, 0.16, 0.17, 0.18))
Koef:((0.8, 0.85, 0.9, 1), (0.6, 0.6, 0.6, 0.6), (0.3, 0.3, 0.3, 0.3), (0.1, 0.1, 0.1, 0.1))
Koef:((0.8, 0.85, 0.9, 1), (0.6, 0.6, 0.6, 0.6), (0.3, 0.3, 0.3, 0.3), (0.1, 0.1, 0.1, 0.1))
Koef:((0.8, 0.85, 0.9, 1), (0.6, 0.6, 0.6, 0.6), (0.3, 0.3, 0.3, 0.3), (0.1, 0.1, 0.1, 0.1))
game:1
Score:10588
Time:15:40:3
Max:1024

game:2
Score:8084
Time:15:43:47
Max:512

Koef:[[0.8, 0.85, 0.9, 1], [0.6, 0.6, 0.6, 0.6], [0.3, 0.3, 0.3, 0.3], [0.1, 0.1, 0.1, 0.1]]
Koef:[[0.8, 0.85, 0.9, 1], [0.6, 0.6, 0.6, 0.6], [0.3, 0.3, 0.3, 0.3], [0.1, 0.1, 0.1, 0.1]]
Koef:[[0.8, 0.85, 0.9, 1], [0.6, 0.6, 0.6, 0.6], [0.3, 0.3, 0.3, 0.3], [0.1, 0.1, 0.1, 0.1]]
Koef:[[0.8, 0.85, 0.9, 1], [0.6, 0.6, 0.6, 0.6], [0.3, 0.3, 0.3, 0.3], [0.1, 0.1, 0.1, 0.1]]
Koef:[[0.8, 0.85, 0.9, 1], [0.6, 0.6, 0.6, 0.6], [0.3, 0.3, 0.3, 0.3], [0.1, 0.1, 0.1, 0.1]]
Koef:[[0.8, 0.85, 0.9, 1], [0.6, 0.6, 0.6, 0.6], [0.3, 0.3, 0.3, 0.3], [0.1, 0.1, 0.1, 0.1]]
Koef:[[0.8, 0.85, 0.9, 1], [0.6, 0.6, 0.6, 0.6], [0.3, 0.3, 0.3, 0.3], [0.1, 0.1, 0.1, 0.1]]
Koef:[[0.8, 0.85, 0.9, 1], [0.6, 0.6, 0.6, 0.6], [0.3, 0.3, 0.3, 0.3], [0.1, 0.1, 0.1, 0.1]]
Koef:[[0.8, 0.85, 0.9, 1], [0.6, 0.6, 0.6, 0.6], [0.3, 0.3, 0.3, 0.3], [0.1, 0.1, 0.1, 0.1]]
Koef:[[0.8, 0.85, 0.9, 1], [0.6, 0.6, 0.6, 0.6], [0.3, 0.3, 0.3, 0.3], [0.1, 0.1, 0.1, 0.1]]
Koef:[[0.8, 0.85, 0.9, 1], [0.6, 0.6, 0.6, 0.6], [0.3, 0.3, 0.3, 0.3], [0.1, 0.1, 0.1, 0.1]]
Koef:[[0.8, 0.85, 0.9, 1], [0.6, 0.6, 0.6, 0.6], [0.3, 0.3, 0.3, 0.3], [0.1, 0.1, 0.1, 0.1]]
Koef:[[0.8, 0.85, 0.9, 1], [0.6, 0.6, 0.6, 0.6], [0.3, 0.3, 0.3, 0.3], [0.1, 0.1, 0.1, 0.1]]
game:1
Score:14356
Time:16:13:40
Max:1024

game:2
Score:13404
Time:16:19:8
Max:1024

game:3
Score:21188
Time:16:26:12
Max:2048

Koef:[[0.8, 0.85, 0.9, 1], [0.6, 0.6, 0.6, 0.6], [0.3, 0.3, 0.3, 0.3], [0.1, 0.1, 0.1, 0.1]]
Koef:[[0.8, 0.85, 0.9, 1], [0.6, 0.6, 0.6, 0.6], [0.3, 0.3, 0.3, 0.3], [0.1, 0.1, 0.1, 0.1]]
Koef:[[0.8, 0.85, 0.9, 1], [0.6, 0.6, 0.6, 0.6], [0.3, 0.3, 0.3, 0.3], [0.1, 0.1, 0.1, 0.1]]
game:1
Score:15792
Time:16:38:37
Max:1024

Koef:[[0.8, 0.85, 0.9, 1], [0.6, 0.6, 0.6, 0.6], [0.3, 0.3, 0.3, 0.3], [0.1, 0.1, 0.1, 0.1]]
game:1
Score:14612
Time:16:45:55
Max:1024

game:2
Score:3128
Time:16:47:39
Max:256

Koef:[[0.8, 0.85, 0.9, 1], [0.6, 0.6, 0.6, 0.6], [0.3, 0.3, 0.3, 0.3], [0.1, 0.1, 0.1, 0.1]]
game:1
Score:6516
Time:16:53:55
Max:512

game:2
Score:14612
Time:16:59:50
Max:1024

game:3
Score:16124
Time:17:6:10
Max:1024

